1.701
1.7217
8.5732
9.9679
13.116
13.3847
13.3604
18.753
23.2085
21.6637
50.0173
415.86
43.589
59.2261
67.041
76.4777
93.7461
112.163
126.936
169.981
173.981
179.223
975.833
316.031
249.45
388.113
4304.58
350.649
6.7692
21.9375
51.5455
82.8913
133.009
207.372
545.26
400.46
471.847
459.206
9211.75
1125.06
864.356
1304.77
1357.98
1553.8
1983.11
2227.76
2470.31
4654.68
277.519
698.968
171.249
178.913
285.67
173.216
2.0635
17.7617
6.7322
7.4089
2.5246
25.7136
6.7444
5.6093
1.986
2.0911
27.7631
8.6149
6.7102
2.1852
5.1901
2.188
6.1725
2.2191
796.798
39.9309
7.7092
16.7062
45.7739
71.9736
109.702
220.153
278.878
316.496
754.653
502.356
2.1112
3.6443
8.1545
6.7833
11.9395
5837.24
14.9812
27.3709
17.6779
35.9457
1.8618
16.1535
8.3582
6.9934
101.641
10.8074
25.8154
43.7743
57.4585
105.332
8369.59
180.355
241.802
346.608
356.604
505.355
1.7949
2.8721
5.0312
9.2164
7.1233
284.709
12.7806
12.7241
16.8117
17.8624
27.0073
23.0747
52.1989
157118
43.5765
53.4667
75.3786
103.505
76.5279
87.2214
127.973
0.6963
0.7558
11.7906
5.5401
9.3609
182.188
6.4688
6.8117
8.4229
8.8316
15.2491
18.5884
88.8966
22.9985
31.2652
38.7175
20309.3
117781
147.554
62449.2
1.7606
2.2944
9.1036
8.3147
11.4867
265.13
16.9126
18.8185
18.0477
19.6971
24.9763
25.1261
120.348
160912
75.3804
58.0561
73.1693
1.5158
1.7604
8.7452
12.8579
5305.75
19.0742
35.8898
51.5236
100.156
12.7372
28.5754
90.4508
52.8905
824.668
8.4512
27.705
45.9366
64.5684
1.3048
0.8598
5.3342
2.4195
3.8491
6138.25
2.12217e+06
99658.8
1.89911e+06
11.042
38.0097
280.148
55.4079
8.1751
23.3391
76.6815
47.884
8.2302
28.3069
120.351
56.4525
6.5552
18.581
64.1584
52.7853
8.927
14.9249
84.4621
58.9224
1.7241
1.4939
9.0361
6.8892
1.4007
1.7727
1.1507
1.5168
1.8105
1.5684
1.8057
1.1289
1.7895
1.2718
2.0056
1.5628
1.6181
1.4064
1.3223
1.5516
192.399
4528.24
1.4395
1.5055
1.9858
1.3981
3.5144
1.1251
1.4115
3.0746
1.7086
428.989
6.9706
7.4307
1.9327
477.997
8.342
13.8561
1.5501
369.27
5.9418
5.4434
1.4807
1.2716
25.1075
15.7871
1.8265
1.3437
21.0109
14.9608
1.1697
1.9037
26.4675
20.3531
2.1608
1.1795
28.99
16.2967
1.5544
1.614
29.6518
16.8782
25174.5
8.8243
4.6167
10.0683
238.559
98.9127
1.5779
3.1353
23.3946
20.7567
1.5287
1.4134
23.8698
18.6118
1.3651
1.2489
23.3469
16.6137
2.6968
2.9002
22.045
15.061
2.8057
1.8925
16.1802
15.932
